((1     4      4      4   14      3   16)
(2     3      3      2   19      2   12)
(3     4      4      4   9      4   16)
(4     4      3      4   20      2   15)
(5     3      4      4   18      2   11)
(6     4      4      3   11      3   8)
(7     2      3      2   17      3   19)
(8     4      3      2   7      3   8)
(9     3      4      3   15      4   16)
(10     3      3      2   7      2   9)
(11     4      4      4   18      4   9)
(12     4      4      2   17      3   11)
(13     4      3      3   17      3   13)
(14     4      3      4   18      4   11)
(15     4      4      4   8      3   19)
(16     4      3      2   13      2   10)
(17     4      4      4   20      2   8)
(18     3      3      3   17      2   13)
(19     4      3      2   13      2   9 )
(20     2      3      3   11      2   16 )
(21     3      4      2   20      4   7 )
(22     2      4      3   19      4   13 )
(23     3      3      3   17      4   8 )
(24     3      3      3   20      2   12 )
(25     2      2      2   17      2   10 )
(26     3      3      3   9      3   7 )
(27     4      4      2   11      2   7 )
(28     4      3      3   14      4   17 )
(29     4      4      2   8      3   9 )
(30     3      4      3   18      4   19 ))


